n_vert time algorithm group
50 0.0005 MPM 1
50 0.0 MPM 1
50 0.000501 MPM 1
50 0.0 MPM 1
50 0.0 MPM 1
50 0.0 Dinic 2
50 0.0 Dinic 2
50 0.0 Dinic 2
50 0.0 Dinic 2
50 0.0 Dinic 2
100 0.000501 MPM 3
100 0.000502 MPM 3
100 0.001 MPM 3
100 0.001 MPM 3
100 0.000499 MPM 3
100 0.0 Dinic 4
100 0.0005 Dinic 4
100 0.0005 Dinic 4
100 0.0 Dinic 4
100 0.0 Dinic 4
150 0.001501 MPM 5
150 0.001001 MPM 5
150 0.001001 MPM 5
150 0.0015 MPM 5
150 0.000999 MPM 5
150 0.001 Dinic 6
150 0.0 Dinic 6
150 0.000501 Dinic 6
150 0.0005 Dinic 6
150 0.0 Dinic 6
200 0.002497 MPM 7
200 0.0015 MPM 7
200 0.002501 MPM 7
200 0.002499 MPM 7
200 0.002 MPM 7
200 0.000501 Dinic 8
200 0.001499 Dinic 8
200 0.0015 Dinic 8
200 0.0 Dinic 8
200 0.001 Dinic 8
250 0.0025 MPM 9
250 0.013001 MPM 9
250 0.007999 MPM 9
250 0.003 MPM 9
250 0.0025 MPM 9
250 0.001001 Dinic 10
250 0.001 Dinic 10
250 0.002 Dinic 10
250 0.0025 Dinic 10
250 0.001501 Dinic 10
300 0.0065 MPM 11
300 0.004502 MPM 11
300 0.004001 MPM 11
300 0.005999 MPM 11
300 0.01 MPM 11
300 0.003001 Dinic 12
300 0.001 Dinic 12
300 0.001001 Dinic 12
300 0.000499 Dinic 12
300 0.000998 Dinic 12
350 0.005501 MPM 13
350 0.014501 MPM 13
350 0.005499 MPM 13
350 0.011 MPM 13
350 0.010501 MPM 13
350 0.003002 Dinic 14
350 0.001501 Dinic 14
350 0.0015 Dinic 14
350 0.002001 Dinic 14
350 0.0015 Dinic 14
400 0.010001 MPM 15
400 0.009499 MPM 15
400 0.016002 MPM 15
400 0.011998 MPM 15
400 0.0155 MPM 15
400 0.0065 Dinic 16
400 0.005001 Dinic 16
400 0.005998 Dinic 16
400 0.005001 Dinic 16
400 0.0085 Dinic 16
450 0.012999 MPM 17
450 0.0195 MPM 17
450 0.016002 MPM 17
450 0.011999 MPM 17
450 0.018 MPM 17
450 0.003501 Dinic 18
450 0.010501 Dinic 18
450 0.010001 Dinic 18
450 0.005999 Dinic 18
450 0.009502 Dinic 18
500 0.021997 MPM 19
500 0.023502 MPM 19
500 0.017999 MPM 19
500 0.022499 MPM 19
500 0.0205 MPM 19
500 0.004001 Dinic 20
500 0.004501 Dinic 20
500 0.003501 Dinic 20
500 0.004999 Dinic 20
500 0.007 Dinic 20
550 0.034001 MPM 21
550 0.025501 MPM 21
550 0.055502 MPM 21
550 0.0155 MPM 21
550 0.040999 MPM 21
550 0.0065 Dinic 22
550 0.003501 Dinic 22
550 0.004 Dinic 22
550 0.010501 Dinic 22
550 0.008001 Dinic 22
600 0.037001 MPM 23
600 0.048498 MPM 23
600 0.031001 MPM 23
600 0.051999 MPM 23
600 0.034502 MPM 23
600 0.0135 Dinic 24
600 0.012 Dinic 24
600 0.005002 Dinic 24
600 0.0095 Dinic 24
600 0.018501 Dinic 24
650 0.0565 MPM 25
650 0.053502 MPM 25
650 0.051998 MPM 25
650 0.044996 MPM 25
650 0.060499 MPM 25
650 0.017 Dinic 26
650 0.016001 Dinic 26
650 0.0035 Dinic 26
650 0.005501 Dinic 26
650 0.007001 Dinic 26
700 0.065999 MPM 27
700 0.045499 MPM 27
700 0.053 MPM 27
700 0.052499 MPM 27
700 0.0705 MPM 27
700 0.018001 Dinic 28
700 0.020496 Dinic 28
700 0.018499 Dinic 28
700 0.008501 Dinic 28
700 0.015998 Dinic 28
750 0.0555 MPM 29
750 0.070499 MPM 29
750 0.0615 MPM 29
750 0.053 MPM 29
750 0.060001 MPM 29
750 0.013001 Dinic 30
750 0.019501 Dinic 30
750 0.019499 Dinic 30
750 0.016001 Dinic 30
750 0.0085 Dinic 30
800 0.112499 MPM 31
800 0.1 MPM 31
800 0.068999 MPM 31
800 0.061499 MPM 31
800 0.0635 MPM 31
800 0.072 Dinic 32
800 0.013 Dinic 32
800 0.012499 Dinic 32
800 0.027 Dinic 32
800 0.007 Dinic 32
850 0.1205 MPM 33
850 0.056 MPM 33
850 0.223502 MPM 33
850 0.062 MPM 33
850 0.160501 MPM 33
850 0.009499 Dinic 34
850 0.0185 Dinic 34
850 0.0405 Dinic 34
850 0.021501 Dinic 34
850 0.03 Dinic 34
900 0.121001 MPM 35
900 0.087 MPM 35
900 0.1075 MPM 35
900 0.058499 MPM 35
900 0.101 MPM 35
900 0.0615 Dinic 36
900 0.054999 Dinic 36
900 0.031498 Dinic 36
900 0.026 Dinic 36
900 0.021 Dinic 36
950 0.142 MPM 37
950 0.0745 MPM 37
950 0.131 MPM 37
950 0.129 MPM 37
950 0.143499 MPM 37
950 0.0255 Dinic 38
950 0.035501 Dinic 38
950 0.017 Dinic 38
950 0.078502 Dinic 38
950 0.061001 Dinic 38
1000 0.229501 MPM 39
1000 0.167999 MPM 39
1000 0.0855 MPM 39
1000 0.120499 MPM 39
1000 0.093999 MPM 39
1000 0.0325 Dinic 40
1000 0.0185 Dinic 40
1000 0.066999 Dinic 40
1000 0.024002 Dinic 40
1000 0.013501 Dinic 40
1050 0.181998 MPM 41
1050 0.1855 MPM 41
1050 0.079501 MPM 41
1050 0.154001 MPM 41
1050 0.195 MPM 41
1050 0.0135 Dinic 42
1050 0.038499 Dinic 42
1050 0.020501 Dinic 42
1050 0.087001 Dinic 42
1050 0.0625 Dinic 42
1100 0.2655 MPM 43
1100 0.1915 MPM 43
1100 0.1515 MPM 43
1100 0.212998 MPM 43
1100 0.180002 MPM 43
1100 0.026002 Dinic 44
1100 0.022002 Dinic 44
1100 0.017499 Dinic 44
1100 0.061001 Dinic 44
1100 0.056002 Dinic 44
1150 0.120002 MPM 45
1150 0.2735 MPM 45
1150 0.133999 MPM 45
1150 0.233497 MPM 45
1150 0.2075 MPM 45
1150 0.046501 Dinic 46
1150 0.132 Dinic 46
1150 0.06 Dinic 46
1150 0.091 Dinic 46
1150 0.089499 Dinic 46
1200 0.3245 MPM 47
1200 0.377002 MPM 47
1200 0.217999 MPM 47
1200 0.271 MPM 47
1200 0.2845 MPM 47
1200 0.058003 Dinic 48
1200 0.0605 Dinic 48
1200 0.128502 Dinic 48
1200 0.157502 Dinic 48
1200 0.106999 Dinic 48
1250 0.239499 MPM 49
1250 0.293 MPM 49
1250 0.198001 MPM 49
1250 0.227 MPM 49
1250 0.190499 MPM 49
1250 0.2 Dinic 50
1250 0.0855 Dinic 50
1250 0.119001 Dinic 50
1250 0.058998 Dinic 50
1250 0.116002 Dinic 50
1300 0.296501 MPM 51
1300 0.4095 MPM 51
1300 0.392001 MPM 51
1300 0.243999 MPM 51
1300 0.311 MPM 51
1300 0.075002 Dinic 52
1300 0.102998 Dinic 52
1300 0.067499 Dinic 52
1300 0.243499 Dinic 52
1300 0.2035 Dinic 52
1350 0.3665 MPM 53
1350 0.2245 MPM 53
1350 0.2765 MPM 53
1350 0.291501 MPM 53
1350 0.240999 MPM 53
1350 0.098001 Dinic 54
1350 0.298498 Dinic 54
1350 0.084 Dinic 54
1350 0.095999 Dinic 54
1350 0.0855 Dinic 54
1400 0.362 MPM 55
1400 0.4325 MPM 55
1400 0.225499 MPM 55
1400 0.463509 MPM 55
1400 0.3285 MPM 55
1400 0.076001 Dinic 56
1400 0.184502 Dinic 56
1400 0.123001 Dinic 56
1400 0.1255 Dinic 56
1400 0.156999 Dinic 56
1450 0.365 MPM 57
1450 0.2725 MPM 57
1450 0.445501 MPM 57
1450 0.647499 MPM 57
1450 0.373501 MPM 57
1450 0.052001 Dinic 58
1450 0.1085 Dinic 58
1450 0.236001 Dinic 58
1450 0.1775 Dinic 58
1450 0.163999 Dinic 58
1500 0.428999 MPM 59
1500 0.522 MPM 59
1500 0.328499 MPM 59
1500 0.465001 MPM 59
1500 0.360498 MPM 59
1500 0.049001 Dinic 60
1500 0.131 Dinic 60
1500 0.064 Dinic 60
1500 0.047001 Dinic 60
1500 0.199 Dinic 60
1550 0.403501 MPM 61
1550 0.536501 MPM 61
1550 0.4665 MPM 61
1550 0.740499 MPM 61
1550 0.5885 MPM 61
1550 0.718999 Dinic 62
1550 0.1565 Dinic 62
1550 0.1225 Dinic 62
1550 0.2155 Dinic 62
1550 0.073001 Dinic 62
1600 0.530501 MPM 63
1600 0.599501 MPM 63
1600 0.462998 MPM 63
1600 0.6585 MPM 63
1600 0.346999 MPM 63
1600 0.114 Dinic 64
1600 0.143 Dinic 64
1600 0.317001 Dinic 64
1600 0.1525 Dinic 64
1600 0.422 Dinic 64
1650 0.723501 MPM 65
1650 0.393001 MPM 65
1650 0.452999 MPM 65
1650 0.381502 MPM 65
1650 0.500999 MPM 65
1650 0.486004 Dinic 66
1650 0.093499 Dinic 66
1650 0.255003 Dinic 66
1650 0.123001 Dinic 66
1650 0.2175 Dinic 66
1700 0.4755 MPM 67
1700 0.655499 MPM 67
1700 0.444999 MPM 67
1700 0.558997 MPM 67
1700 1.051 MPM 67
1700 0.221 Dinic 68
1700 0.216501 Dinic 68
1700 0.164 Dinic 68
1700 0.167 Dinic 68
1700 0.195 Dinic 68
1750 0.5265 MPM 69
1750 0.459501 MPM 69
1750 0.983501 MPM 69
1750 0.574998 MPM 69
1750 0.791998 MPM 69
1750 0.218999 Dinic 70
1750 0.238002 Dinic 70
1750 0.606499 Dinic 70
1750 0.2055 Dinic 70
1750 0.150999 Dinic 70
1800 0.704 MPM 71
1800 0.751999 MPM 71
1800 0.750999 MPM 71
1800 1.2585 MPM 71
1800 0.612999 MPM 71
1800 0.478999 Dinic 72
1800 0.376003 Dinic 72
1800 0.209001 Dinic 72
1800 0.867999 Dinic 72
1800 0.1365 Dinic 72
1850 0.476002 MPM 73
1850 0.7275 MPM 73
1850 1.0655 MPM 73
1850 0.858499 MPM 73
1850 1.049 MPM 73
1850 0.466999 Dinic 74
1850 0.303001 Dinic 74
1850 0.2495 Dinic 74
1850 0.509499 Dinic 74
1850 0.202498 Dinic 74
1900 1.024 MPM 75
1900 0.676 MPM 75
1900 0.651502 MPM 75
1900 0.992 MPM 75
1900 0.824001 MPM 75
1900 0.359 Dinic 76
1900 0.217002 Dinic 76
1900 0.294497 Dinic 76
1900 0.645001 Dinic 76
1900 0.3335 Dinic 76
1950 0.577502 MPM 77
1950 0.645999 MPM 77
1950 1.1175 MPM 77
1950 0.973503 MPM 77
1950 0.710499 MPM 77
1950 0.1455 Dinic 78
1950 0.106498 Dinic 78
1950 0.314501 Dinic 78
1950 0.1335 Dinic 78
1950 0.241 Dinic 78
2000 0.562 MPM 79
2000 1.101 MPM 79
2000 0.767499 MPM 79
2000 0.799501 MPM 79
2000 0.943499 MPM 79
2000 0.442999 Dinic 80
2000 0.302501 Dinic 80
2000 0.147501 Dinic 80
2000 0.331499 Dinic 80
2000 0.805001 Dinic 80
2050 2.1375 MPM 81
2050 1.082 MPM 81
2050 1.4565 MPM 81
2050 0.932 MPM 81
2050 0.910499 MPM 81
2050 0.829001 Dinic 82
2050 0.444001 Dinic 82
2050 0.287499 Dinic 82
2050 0.127 Dinic 82
2050 0.594502 Dinic 82
2100 1.308 MPM 83
2100 0.692998 MPM 83
2100 0.995501 MPM 83
2100 0.975002 MPM 83
2100 1.934 MPM 83
2100 0.768501 Dinic 84
2100 0.272501 Dinic 84
2100 0.766501 Dinic 84
2100 0.175502 Dinic 84
2100 0.183999 Dinic 84
2150 0.910998 MPM 85
2150 1.4075 MPM 85
2150 1.5965 MPM 85
2150 1.123 MPM 85
2150 1.486 MPM 85
2150 0.357002 Dinic 86
2150 0.421501 Dinic 86
2150 0.800998 Dinic 86
2150 0.506499 Dinic 86
2150 0.1835 Dinic 86
2200 0.9095 MPM 87
2200 1.386 MPM 87
2200 1.302 MPM 87
2200 1.073 MPM 87
2200 0.802499 MPM 87
2200 0.256 Dinic 88
2200 0.237501 Dinic 88
2200 0.933 Dinic 88
2200 2.214 Dinic 88
2200 0.76 Dinic 88
2250 0.9245 MPM 89
2250 1.0135 MPM 89
2250 1.3275 MPM 89
2250 1.4675 MPM 89
2250 1.586 MPM 89
2250 0.213 Dinic 90
2250 0.228 Dinic 90
2250 0.376501 Dinic 90
2250 0.211 Dinic 90
2250 0.589499 Dinic 90
2300 1.5965 MPM 91
2300 0.936499 MPM 91
2300 1.783 MPM 91
2300 1.641 MPM 91
2300 1.0325 MPM 91
2300 0.565 Dinic 92
2300 0.1555 Dinic 92
2300 0.215 Dinic 92
2300 0.435499 Dinic 92
2300 0.625501 Dinic 92
2350 2.3625 MPM 93
2350 2.152 MPM 93
2350 1.568 MPM 93
2350 1.346 MPM 93
2350 2.119 MPM 93
2350 0.925501 Dinic 94
2350 0.213499 Dinic 94
2350 0.423002 Dinic 94
2350 0.708999 Dinic 94
2350 0.499999 Dinic 94
2400 2.0435 MPM 95
2400 3.257 MPM 95
2400 1.5245 MPM 95
2400 1.3225 MPM 95
2400 1.5435 MPM 95
2400 0.7805 Dinic 96
2400 0.720001 Dinic 96
2400 0.285999 Dinic 96
2400 0.7545 Dinic 96
2400 0.5365 Dinic 96
2450 1.573 MPM 97
2450 2.63 MPM 97
2450 1.547 MPM 97
2450 0.912999 MPM 97
2450 2.0865 MPM 97
2450 0.559 Dinic 98
2450 1.009 Dinic 98
2450 0.639499 Dinic 98
2450 0.753001 Dinic 98
2450 1.2405 Dinic 98
2500 2.5165 MPM 99
2500 1.8675 MPM 99
2500 1.914 MPM 99
2500 1.9235 MPM 99
2500 2.271 MPM 99
2500 0.995501 Dinic 100
2500 0.5635 Dinic 100
2500 0.484 Dinic 100
2500 0.736999 Dinic 100
2500 0.343 Dinic 100
2550 2.038 MPM 101
2550 3.188 MPM 101
2550 1.449 MPM 101
2550 1.7315 MPM 101
2550 1.9835 MPM 101
2550 1.3055 Dinic 102
2550 1.0875 Dinic 102
2550 0.3485 Dinic 102
2550 0.4605 Dinic 102
2550 0.771 Dinic 102
2600 2.199 MPM 103
2600 2.445 MPM 103
2600 1.5595 MPM 103
2600 1.9955 MPM 103
2600 1.8345 MPM 103
2600 1.632 Dinic 104
2600 0.8305 Dinic 104
2600 0.515 Dinic 104
2600 0.553499 Dinic 104
2600 1.309 Dinic 104
2650 1.836 MPM 105
2650 3.2175 MPM 105
2650 1.9755 MPM 105
2650 3.224 MPM 105
2650 2.1275 MPM 105
2650 1.2495 Dinic 106
2650 0.5055 Dinic 106
2650 0.357 Dinic 106
2650 0.5625 Dinic 106
2650 1.1515 Dinic 106
2700 2.276 MPM 107
2700 2.742 MPM 107
2700 2.478 MPM 107
2700 1.814 MPM 107
2700 1.944 MPM 107
2700 0.668 Dinic 108
2700 0.202 Dinic 108
2700 1.234 Dinic 108
2700 1.0105 Dinic 108
2700 1.316 Dinic 108
2750 2.283 MPM 109
2750 2.6215 MPM 109
2750 2.0805 MPM 109
2750 3.6045 MPM 109
2750 2.9025 MPM 109
2750 0.547499 Dinic 110
2750 0.973001 Dinic 110
2750 1.2895 Dinic 110
2750 0.325499 Dinic 110
2750 0.4185 Dinic 110
2800 2.4325 MPM 111
2800 2.062 MPM 111
2800 2.9305 MPM 111
2800 1.9095 MPM 111
2800 2.311 MPM 111
2800 0.822001 Dinic 112
2800 0.1975 Dinic 112
2800 1.1715 Dinic 112
2800 1.057 Dinic 112
2800 0.894501 Dinic 112
2850 2.259 MPM 113
2850 2.2745 MPM 113
2850 3.0225 MPM 113
2850 2.9495 MPM 113
2850 2.8045 MPM 113
2850 0.328002 Dinic 114
2850 0.2855 Dinic 114
2850 1.195 Dinic 114
2850 2.6955 Dinic 114
2850 0.267999 Dinic 114
2900 2.057 MPM 115
2900 3.1835 MPM 115
2900 3.6665 MPM 115
2900 1.947 MPM 115
2900 2.436 MPM 115
2900 0.625 Dinic 116
2900 0.726002 Dinic 116
2900 1.3965 Dinic 116
2900 0.4175 Dinic 116
2900 0.7105 Dinic 116
2950 2.526 MPM 117
2950 3.025 MPM 117
2950 4.3555 MPM 117
2950 3.213 MPM 117
2950 2.5835 MPM 117
2950 1.2015 Dinic 118
2950 1.146 Dinic 118
2950 0.560499 Dinic 118
2950 1.652 Dinic 118
2950 0.830499 Dinic 118
3000 3.9735 MPM 119
3000 2.9445 MPM 119
3000 2.9565 MPM 119
3000 2.9715 MPM 119
3000 3.413 MPM 119
3000 1.5375 Dinic 120
3000 0.596999 Dinic 120
3000 0.9035 Dinic 120
3000 1.383 Dinic 120
3000 0.631501 Dinic 120
