p_value time algorithm group
1.0 0.209 MPM 1
1.0 0.213499 MPM 1
1.0 0.1815 MPM 1
1.0 0.173001 MPM 1
1.0 0.2045 MPM 1
1.0 22.4425 EK 2
1.0 25.365 EK 2
1.0 21.4145 EK 2
1.0 21.3355 EK 2
1.0 21.926 EK 2
1.0 0.037 Dinic 3
1.0 0.0355 Dinic 3
1.0 0.0305 Dinic 3
1.0 0.0385 Dinic 3
1.0 0.037001 Dinic 3
0.95 0.162999 MPM 4
0.95 0.238999 MPM 4
0.95 0.232 MPM 4
0.95 0.19 MPM 4
0.95 0.327002 MPM 4
0.95 18.6345 EK 5
0.95 17.898 EK 5
0.95 20.894 EK 5
0.95 20.4515 EK 5
0.95 22.3745 EK 5
0.95 0.0485 Dinic 6
0.95 0.072002 Dinic 6
0.95 0.03 Dinic 6
0.95 0.031 Dinic 6
0.95 0.0645 Dinic 6
0.9 0.228501 MPM 7
0.9 0.343001 MPM 7
0.9 0.1725 MPM 7
0.9 0.232001 MPM 7
0.9 0.3175 MPM 7
0.9 17.5805 EK 8
0.9 19.0575 EK 8
0.9 21.042 EK 8
0.9 17.6065 EK 8
0.9 20.5025 EK 8
0.9 0.029501 Dinic 9
0.9 0.083 Dinic 9
0.9 0.038001 Dinic 9
0.9 0.033 Dinic 9
0.9 0.024999 Dinic 9
0.85 0.200502 MPM 10
0.85 0.227001 MPM 10
0.85 0.266 MPM 10
0.85 0.265 MPM 10
0.85 0.244 MPM 10
0.85 16.4725 EK 11
0.85 13.868 EK 11
0.85 17.564 EK 11
0.85 14.447 EK 11
0.85 15.0205 EK 11
0.85 0.036501 Dinic 12
0.85 0.032001 Dinic 12
0.85 0.083999 Dinic 12
0.85 0.037999 Dinic 12
0.85 0.075 Dinic 12
0.8 0.248999 MPM 13
0.8 0.22 MPM 13
0.8 0.1885 MPM 13
0.8 0.202998 MPM 13
0.8 0.229502 MPM 13
0.8 13.589 EK 14
0.8 15.2425 EK 14
0.8 13.5785 EK 14
0.8 15.0615 EK 14
0.8 12.5935 EK 14
0.8 0.074 Dinic 15
0.8 0.056999 Dinic 15
0.8 0.039501 Dinic 15
0.8 0.022001 Dinic 15
0.8 0.039501 Dinic 15
0.75 0.2355 MPM 16
0.75 0.197501 MPM 16
0.75 0.335001 MPM 16
0.75 0.264 MPM 16
0.75 0.260001 MPM 16
0.75 12.2535 EK 17
0.75 13.292 EK 17
0.75 13.4615 EK 17
0.75 12.3455 EK 17
0.75 11.4765 EK 17
0.75 0.0495 Dinic 18
0.75 0.0555 Dinic 18
0.75 0.032998 Dinic 18
0.75 0.0795 Dinic 18
0.75 0.066001 Dinic 18
0.7 0.210499 MPM 19
0.7 0.1685 MPM 19
0.7 0.197001 MPM 19
0.7 0.148501 MPM 19
0.7 0.216 MPM 19
0.7 8.984 EK 20
0.7 9.9775 EK 20
0.7 8.2465 EK 20
0.7 8.914 EK 20
0.7 9.756 EK 20
0.7 0.042501 Dinic 21
0.7 0.060999 Dinic 21
0.7 0.06 Dinic 21
0.7 0.028 Dinic 21
0.7 0.051001 Dinic 21
0.65 0.230999 MPM 22
0.65 0.134 MPM 22
0.65 0.109 MPM 22
0.65 0.212001 MPM 22
0.65 0.226 MPM 22
0.65 6.8325 EK 23
0.65 7.8185 EK 23
0.65 9.818 EK 23
0.65 8.748 EK 23
0.65 4.894 EK 23
0.65 0.062501 Dinic 24
0.65 0.027 Dinic 24
0.65 0.0405 Dinic 24
0.65 0.050001 Dinic 24
0.65 0.052999 Dinic 24
0.6 0.170502 MPM 25
0.6 0.130501 MPM 25
0.6 0.168496 MPM 25
0.6 0.17 MPM 25
0.6 0.166 MPM 25
0.6 5.727 EK 26
0.6 6.0545 EK 26
0.6 5.779 EK 26
0.6 5.534 EK 26
0.6 7.8995 EK 26
0.6 0.02 Dinic 27
0.6 0.0665 Dinic 27
0.6 0.033 Dinic 27
0.6 0.058002 Dinic 27
0.6 0.071501 Dinic 27
0.55 0.203499 MPM 28
0.55 0.253002 MPM 28
0.55 0.234001 MPM 28
0.55 0.280002 MPM 28
0.55 0.19 MPM 28
0.55 5.011 EK 29
0.55 5.237 EK 29
0.55 4.5055 EK 29
0.55 5.568 EK 29
0.55 5.4055 EK 29
0.55 0.062499 Dinic 30
0.55 0.049002 Dinic 30
0.55 0.038 Dinic 30
0.55 0.166 Dinic 30
0.55 0.0575 Dinic 30
0.5 0.119499 MPM 31
0.5 0.152502 MPM 31
0.5 0.112001 MPM 31
0.5 0.117 MPM 31
0.5 0.147002 MPM 31
0.5 2.961 EK 32
0.5 2.671 EK 32
0.5 2.4645 EK 32
0.5 4.0385 EK 32
0.5 3.8585 EK 32
0.5 0.051998 Dinic 33
0.5 0.0165 Dinic 33
0.5 0.0355 Dinic 33
0.5 0.083002 Dinic 33
0.5 0.104501 Dinic 33
0.45 0.1235 MPM 34
0.45 0.159 MPM 34
0.45 0.102 MPM 34
0.45 0.108001 MPM 34
0.45 0.2055 MPM 34
0.45 2.558 EK 35
0.45 2.8025 EK 35
0.45 2.5 EK 35
0.45 1.959 EK 35
0.45 3.218 EK 35
0.45 0.027 Dinic 36
0.45 0.078001 Dinic 36
0.45 0.035499 Dinic 36
0.45 0.042501 Dinic 36
0.45 0.0345 Dinic 36
0.4 0.123 MPM 37
0.4 0.121498 MPM 37
0.4 0.1505 MPM 37
0.4 0.148498 MPM 37
0.4 0.123 MPM 37
0.4 1.6535 EK 38
0.4 0.629 EK 38
0.4 1.8675 EK 38
0.4 1.1955 EK 38
0.4 3.4845 EK 38
0.4 0.0605 Dinic 39
0.4 0.033501 Dinic 39
0.4 0.023 Dinic 39
0.4 0.0755 Dinic 39
0.4 0.053499 Dinic 39
0.35 0.173 MPM 40
0.35 0.105999 MPM 40
0.35 0.1445 MPM 40
0.35 0.129501 MPM 40
0.35 0.1775 MPM 40
0.35 1.6825 EK 41
0.35 0.896001 EK 41
0.35 1.2795 EK 41
0.35 0.569 EK 41
0.35 1.082 EK 41
0.35 0.077499 Dinic 42
0.35 0.041501 Dinic 42
0.35 0.031 Dinic 42
0.35 0.089999 Dinic 42
0.35 0.029001 Dinic 42
0.3 0.076 MPM 43
0.3 0.164499 MPM 43
0.3 0.093 MPM 43
0.3 0.064 MPM 43
0.3 0.079001 MPM 43
0.3 0.702503 EK 44
0.3 0.737498 EK 44
0.3 1.314 EK 44
0.3 1.711 EK 44
0.3 1.108 EK 44
0.3 0.020001 Dinic 45
0.3 0.010499 Dinic 45
0.3 0.021 Dinic 45
0.3 0.0195 Dinic 45
0.3 0.017 Dinic 45
0.25 0.055999 MPM 46
0.25 0.124502 MPM 46
0.25 0.149501 MPM 46
0.25 0.0915 MPM 46
0.25 0.0715 MPM 46
0.25 1.5215 EK 47
0.25 0.416501 EK 47
0.25 1.1925 EK 47
0.25 0.318501 EK 47
0.25 0.211499 EK 47
0.25 0.031501 Dinic 48
0.25 0.005999 Dinic 48
0.25 0.020001 Dinic 48
0.25 0.0315 Dinic 48
0.25 0.042 Dinic 48
0.2 0.049001 MPM 49
0.2 0.052501 MPM 49
0.2 0.118 MPM 49
0.2 0.090498 MPM 49
0.2 0.0935 MPM 49
0.2 0.454999 EK 50
0.2 0.457003 EK 50
0.2 0.905999 EK 50
0.2 0.69 EK 50
0.2 0.805002 EK 50
0.2 0.006001 Dinic 51
0.2 0.014503 Dinic 51
0.2 0.049 Dinic 51
0.2 0.027 Dinic 51
0.2 0.027001 Dinic 51
0.15 0.083002 MPM 52
0.15 0.085 MPM 52
0.15 0.056997 MPM 52
0.15 0.041001 MPM 52
0.15 0.07 MPM 52
0.15 0.295499 EK 53
0.15 0.18 EK 53
0.15 0.248999 EK 53
0.15 0.077001 EK 53
0.15 0.207498 EK 53
0.15 0.015502 Dinic 54
0.15 0.008999 Dinic 54
0.15 0.017499 Dinic 54
0.15 0.009499 Dinic 54
0.15 0.021999 Dinic 54
0.1 0.049499 MPM 55
0.1 0.047 MPM 55
0.1 0.102501 MPM 55
0.1 0.062999 MPM 55
0.1 0.035002 MPM 55
0.1 0.196002 EK 56
0.1 0.148003 EK 56
0.1 0.1955 EK 56
0.1 0.096 EK 56
0.1 0.181 EK 56
0.1 0.011501 Dinic 57
0.1 0.020002 Dinic 57
0.1 0.0055 Dinic 57
0.1 0.008 Dinic 57
0.1 0.012501 Dinic 57
0.05 0.063 MPM 58
0.05 0.051504 MPM 58
0.05 0.052999 MPM 58
0.05 0.075501 MPM 58
0.05 0.0595 MPM 58
0.05 0.049 EK 59
0.05 0.047499 EK 59
0.05 0.052998 EK 59
0.05 0.0475 EK 59
0.05 0.046002 EK 59
0.05 0.0065 Dinic 60
0.05 0.005002 Dinic 60
0.05 0.005502 Dinic 60
0.05 0.006501 Dinic 60
0.05 0.003499 Dinic 60
