cap time
10 0.1827
20 0.2349008
30 0.2008
40 0.18309999999999998
50 0.25759980000000005
60 0.20600000000000002
70 0.20069979999999998
80 0.184099
90 0.22449940000000002
100 0.22260020000000003
110 0.30110019999999993
120 0.2138998
130 0.2217994
140 0.2838996
150 0.2421992
160 0.2476994
170 0.24330059999999998
180 0.2098998
190 0.2198004
200 0.26819899999999997
210 0.2461004
220 0.27279919999999996
230 0.18330040000000003
240 0.23290059999999996
250 0.22959960000000001
260 0.19530019999999998
270 0.2414008
280 0.2157
290 0.2637004
300 0.2181006
310 0.2016
320 0.22030080000000002
330 0.21650019999999998
340 0.22979940000000001
350 0.2301994
360 0.2165006
370 0.197
380 0.23100080000000003
390 0.2547832
400 0.22290000000000001
410 0.2527996
420 0.1742002
430 0.3512988
440 0.2447998
450 0.2416006
460 0.2156
470 0.19709959999999999
480 0.2362992
490 0.22369939999999996
500 0.23430080000000003
