cap time
10 0.0203
20 0.022699999999999998
30 0.0265996
40 0.0220002
50 0.029900599999999992
60 0.023999799999999995
70 0.0179004
80 0.0260002
90 0.0211008
100 0.0246004
110 0.0280008
120 0.0256994
130 0.028499600000000003
140 0.027899600000000004
150 0.024200199999999998
160 0.028100000000000003
170 0.020899400000000002
180 0.0249
190 0.0255994
200 0.0225998
210 0.028399799999999996
220 0.033600200000000004
230 0.031200400000000007
240 0.025800399999999994
250 0.0259004
260 0.0256
270 0.029200000000000004
280 0.0238992
290 0.0215
300 0.0222008
310 0.0284688
320 0.0234004
330 0.0280008
340 0.0259004
350 0.027483599999999997
360 0.0242
370 0.0214002
380 0.0252004
390 0.024800799999999994
400 0.019500200000000002
410 0.021200199999999995
420 0.0261
430 0.019800400000000003
440 0.023700199999999998
450 0.0215
460 0.0259002
470 0.0239004
480 0.027400799999999996
490 0.030301
500 0.022499400000000003
