cap time
10 0.0064
20 0.0059001999999999995
30 0.004500800000000001
40 0.0083994
50 0.006100400000000001
60 0.0092
70 0.007600600000000001
80 0.0052988
90 0.007100199999999999
100 0.007299
110 0.007699600000000001
120 0.0065014
130 0.007499799999999999
140 0.0051995999999999995
150 0.0094004
160 0.0087004
170 0.0096002
180 0.0061994
190 0.0072
200 0.0088004
210 0.010199799999999998
220 0.007300000000000001
230 0.0088006
240 0.008699799999999999
250 0.008399799999999999
260 0.0092988
270 0.0060998
280 0.0111012
290 0.008300199999999999
300 0.0088006
310 0.0091004
320 0.0066992
330 0.007499800000000001
340 0.006700600000000001
350 0.007399800000000001
360 0.0085002
370 0.0072006
380 0.0060014
390 0.006500799999999999
400 0.009
410 0.0055992
420 0.0041998
430 0.0048008
440 0.010100000000000001
450 0.0070003999999999995
460 0.006800200000000001
470 0.0056006
480 0.0049002
490 0.0050003999999999995
500 0.0060998
